11 2 17 0 16 8 6 15 10 3 21 1 18 9 14 19 12 5 4 20 13 7

[11 2] [17 0] [16 8] [6 15] [10 3] [21 1] [18 9] [14 19] [12 5] [4 20] [13 7]
[2 11] [0 17] [8 16] [6 15] [3 10] [1 21] [9 18] [14 19] [5 12] [4 20] [7 13]

[2 11 0 17] [8 16 6 15] [3 10 1 21] [9 18 14 19] [5 12 4 20] - [7 13]
[2 11 0 17] [6 15 8 16] [3 10 1 21] [9 18 14 19] [5 12 4 20]

[2 11 0 17 6 15 8 16] [3 10 1 21 9 18 14 19] - [5 12 4 20]
[6 15 8 16 2 11 0 17] [9 18 14 19 3 10 1 21]

[6 15 8 16 2 11 0 17 9 18 14 19 3 10 1 21]
[6 15 8 16 2 11 0 17 9 18 14 19 3 10 1 21]

[6 15 8 16 2 11 0 17 9 18 14 19 3 10 1 21] - [ ]
[6 15 8 16 2 11 0 17] [9 18 14 19 3 10 1 21]

[6 15 8 16 2 11 0 17] [9 18 14 19 3 10 1 21]
[6 15 8 16] [2 11 0 17] [9 18 14 19] [3 10 1 21] - [5 12 4 20]
		b1			a1	 		 b2			 a2				b3
	
								<-Jn = 3
PEND = [9 18 14 19] [5 12 4 20]
				b2			b3
MAIN = [6 15 8 16] [2 11 0 17] [3 10 1 21]
				b1 			a1			a2

PEND = [9 18 14 19]
				b2
REST = [[6 15 8 16] [2 11 0 17] [5 12 4 20] [3 10 1 21]]
				b1 			a1			b3           a2

REST = [[6 15 8 16] [2 11 0 17] [9 18 14 19] [5 12 4 20] [3 10 1 21]]
				b1 			a1			  b2		  b3           a2

[6 15 8 16] [2 11 0 17] [9 18 14 19] [5 12 4 20] [3 10 1 21]
[6 15] [8 16] [2 11] [0 17] [9 18] [14 19] [5 12] [4 20] [3 10] [1 21] - [7 13]
	b1     a1     b2     a2     b3      a3     b4     a4     b5     a5		 b6


PEND = [2 11] [9 18] - [5 12] [3 10] - [7 13]
		   b2	  b3     b4     b5     b6

MAIN = [6 15] [8 16] [0 17] [14 19] [4 20] [1 21]
		   b1	  a1      a2      a3    a4     a5

MAIN = [3 10] [2 11] [5 12]  [7 13] [6 15] [8 16] [0 17]  [9 18] [14 19] [4 20] [1 21]

PEND = 

		b5		b2	  b4   	 b6  	  b1	  a1     a2  	b3     a3     a4     a5


3	10	2	11	5	12	7	13	6	15	8	16	0	17	9	18	14	19	4	20	1	21
b1  a1  b2  a2  b3  a3  b4  a4  b5  a5  b6  a6  b7  a7  b8  a8  b9  a9  b10 a10 b11 a11

PEND = 8

MAIN = 3 10 11 12 13 15 16 17 18 19 20 21

MAIN = 0 1 2 3 4 5 6 7 8 9 10 11 12 13 14 15 16 17 18 19 20 21
